4 1 4 3
2 6 2 4
6 0 5 2
6 7 5 5
1 0 2 2
3 6 3 5
3 1 3 3
2 4 3 3
5 2 3 3
0 6 0 5
2 0 6 4
4 6 4 5
5 1 5 3
5 7 4 6
3 0 5 2
3 7 2 6
4 0 2 0
0 0 3 0
1 7 3 6
6 1 6 3
1 6 1 4
6 4 5 5
6 6 5 5
5 3 5 4
3 6 4 4
5 2 7 2
4 7 6 7
7 7 5 7
6 3 6 4
1 4 1 3
6 4 5 5
4 6 5 5
7 0 6 0
6 7 7 7
7 2 7 5
2 6 4 6
3 3 2 5
4 4 2 5
4 3 4 4
5 5 6 4
6 0 6 4
5 6 5 5
4 4 3 5
4 6 5 6
6 4 6 2
1 3 2 2
5 0 2 3
2 2 1 1
2 0 1 0
2 5 3 7
3 0 6 0
0 7 0 6
3 5 3 6
0 6 3 6
5 4 4 5
3 7 4 5
2 3 4 5
3 6 3 0
6 0 3 0
2 7 4 5
1 0 1 1
5 7 1 7
1 1 0 0
4 5 0 1
6 2 3 2
5 6 4 6
0 0 0 1
4 6 4 5
3 2 1 2
